lr0: 0.01061
lrf: 0.01
momentum: 0.9417
weight_decay: 0.00046
warmup_epochs: 3.0
warmup_momentum: 0.82301
warmup_bias_lr: 0.1
box: 0.04985
cls: 0.5
cls_pw: 0.99655
obj: 1.058
obj_pw: 1.0
iou_t: 0.2
anchor_t: 3.5781
fl_gamma: 0.0
hsv_h: 0.01465
hsv_s: 0.65497
hsv_v: 0.42314
degrees: 0.0
translate: 0.10011
scale: 0.5002
shear: 0.0
perspective: 0.0
flipud: 0.0
fliplr: 0.0
mosaic: 0.94252
mixup: 0.0
copy_paste: 0.0
anchors: 3.0
